“星河传奇花园”(二期),0,10.0,-2.0,0,-1,-2,0,2.0,0,4,-1.0,-1,1,-5.0,-1,9.0,-4.0,-1,-10.0,-1,-1.0,2.0,-2.0
万泽云顶尚品花园（B地块）,0,-13.5,3.0,-5.5,-3,1.5,-13.5,0,6.5,2.5,2.0,3.0,3.5,-3.5,-4.5,-2.0,2,0,3.5,1,5.5,-3,5.0,8.5,-1.0
万科天誉花园一期,0,-11.0,-3,7.0,5.0,13.5,0,11.5
万科天誉花园二期,0,-11.0,-3,7.0,5.0,13.5,0,11.5
万科红悦花园,0,0,0,1,0,1,0,2
万科翡御郡府,0,2,2.5,4.5
万科翡悦郡园,0,2,2.5,4.5
万科翡逸郡园,0,2,2.5,4.5
万科金域缇香花园二期,0,-4.0,1,-4.5,-11.0,-10.5,-29.0
上善梧桐苑,0,5,8.75,5,8.0,3,1,4,3.0,5,4.5,1.0,5.5,-6.0,6.0,-3.0,11.0,0,3,19.5,4.0,4.5,75.5,43.0,1.0,261.0,473.25
东城中心花园,0,4.75,-1,5.5,0.5,-10.0,-17.0,11.5,9.0,9.0,12.0,6.0,34.25,8.0,-1.0,12.0,2,85.5
东城中心花园（二期）,0,4.75,-1,5.5,0.5,-10.0,-17.0,11.5,9.0,9.0,12.0,6.0,34.25,8.0,-1.0,12.0,2,85.5
东晟时代花园,0,2.5,5.0,-3.0,-6.0,-7.5,3.0,-2,3.0,6.0,10.5,5.0,1.5,6.0,-7.5,-4.0,4.0,2,0,1,3.5,23.0
东都花园一区,0,0
东鸿雅居,0,0
中信龙盛广场,0,16.5,2,-6.0,-31.5,-8.5,6.0,21.0,8.0,-34.0,9.5,5,9.0,5.0,9.0,-14.0,-1.0,-2.0,9.0,-1.0,1,3.0
中南明珠苑,0,7.0,4.0,-7.0,-3.0,-3.5,23.0,8.5,4.0,0.5,10.0,7.0,7.0,3,4.0,5.0,7.0,-5.5,0,-3.5,11.0,1.0,79.5
中洲华府,0,0,8.5,3.5,-4.0,0,5,18.0,1,18.0,1,-2,2,-4.0,2,-1,0.5,0.5,-1,7.0,1,56.0
中洲华府二期,0,0,8.5,3.5,-4.0,0,5,18.0,1,18.0,1,-2,2,-4.0,2,-1,0.5,0.5,-1,7.0,1,56.0
中海锦城花园北区,0,7.0,4.5,11.5
中海锦城花园南区,0,7.0,4.5,11.5
中熙香山美林苑,0,1.0,3.5,-1,-1,1,4.0,0,-5.0,0,4,-6.5,-9.0,-3.5,12.0,0,-11.5,0,-1.5,6.25,0.5,-6.75
中熙香缤山花园（一期）,0,-5.0,0,-2,1,18.0,0,25.0,2.0,-1,3,-1,2,42.0
中熙香缤山花园（二期）,0,-5.0,0,-2,1,18.0,0,25.0,2.0,-1,3,-1,2,42.0
中粮一品澜山花园,0,3.0,-2.0,5.0,4,-5,0,6.0,8.0,10.0,-2.5,-0.5,26.0
中粮凤凰里花苑,0,5,-2,0,-4.0,-17.0,0,0,0,-2,-8.5,-3.5,-1,2,5.0,10.0,2,3,0,8.0,1,4.0,7.0,3,0,10.0,1,23.0
中粮锦云花园,0,6.0,5.25,4,1,1,9.0,5,3,4.5,3,0,8.0,23.5,4,1,10.0,-3.0,-6.5,7.0,5.0,90.75
中航天逸花园,0,0
中通半山半海花园,0,1,26.25,3.5,10.5,5.0,6,-3.0,1,5.5,6,-2.5,2,3,7,0,1.5,-6.0,2.0,3.5,1.5,73.75
中铁诺德公馆一期,0,0
中骏蓝湾翠岭花园一期,0,0
丹梓龙庭,0,4.0,-1,3.0,6.0,2,0,1,0,-2.0,0,0,2,-1,-3.0,0,2,5.0,3,16.0,-11.0,26.0
云尚公馆,0,2,2,-4.5,-1,-1.0,2,6.0,6.0,5.0,6.0,12.0,1,3.5,7.0,3.0,-6.5,8.0,3.5,-2.0,1.0,53.0
云景梧桐花园,0,1,4,-2.0,4.0,1.0,-1,1.5,-1,0,7,13.0,3,3.0,-6.0,1.5,24.5,3,-11.5,1,0,46.0
京基御景印象家园,0,-3,4.5,0,-1,-2.5,4.5,1,-3.0,1,1,1,0,1,3,-3,4,5.5,-6.0,-12.75,-5.0,1.0,11.5,4.0,2,-1.0,0,-3.0,-2.0,0,0,-10,3.5,-4.0,4.5,6,2.75
京基滨河时代广场（南区）,0,-0.5,2,7.0,31.5,-4.5,1,3,1,1,1,4.0,3,7.5,3,2,2.5,5.0,2,3.5,4.0,79.0
仁山智水花园(一期),0,6.5,-25.5,-14.0,7.0,3,1,12.5,7.5,7.0,-13.0,-5.0,25.5,17.25,-4.5,2.5,1.0,-4.0,9.5,4,1,39.25
仁山智水花园(二期),0,1,5.0,1.5,9.0,-1,-11.5,7.5,9.0,13.0,-56.5,5.0,-4.0,1,-1.0,-2.0,2,0.0,0.5,-4,-1,-26.5
仁山智水花园（三期）,0,-2.5,0.5,9.5,-1,-1.0,-6.0,-0.5,1,6.5,-9.5,-5.5,2,2,-2,-1.0,-35.5,-14.0,-9.5,1,1,-64.5
仁恒峦山美地花园,0,-7.0,5.0,-1,21.5,0,-0.5,13.5,4.0,-0.5,19.0,4.0,0,2,6.0,9.0,3,12.0,6.5,22.75,-2.0,15.5,-5.0,127.75
仙岭居,0,-2,-4,-5.0,-1,0,8.5,1,9.5,-10.0,-4.0,8.0,6.5,6.0,8.0,2,1,7.0,0,6.5,14.0,3.0,55.0
伍兹公寓,0,0,-1,0,-1
佳兆业中央广场一期,0,2,1,6.0,-5.0,7.0,8.0,-19.0,5,16.0,8.0,1.5,-9.5,3.5,6.0,0.0,-0.5,1.0,1,-7.5,1.5,26.0
佳兆业中央广场三期,0,4.0,1,7.0,8.0,-26.5,2.5,2,12.0,0.0,0,3.0,-1.5,8.5,4.0,33.0,7.5,4.0,-21.0,11.0,3,7.0,2.5,4.0,13.5,88.5
佳兆业假日广场,0,6.0,0,6.0,0,3.5,6.0,9.5,3,4.0,-1,5,8.5,2.5,9.5,6.0,1.0,4.0,3.0,3.5,-2,-2.0,-4,-4.0,5.0,73.0
佳兆业悦峰花园,0,12.5,2.0,0,-1.0,4.0,1.0,-108.5,27.5,5.0,13.5,5,7.0,2,-19.0,4.0,12.0,-1.0,10.0,-3.0,-16.0,-5.5,-0.5,7.0,3.0,-6.0,13.5,-31.5
佳兆业新都汇家园,0,1,6.0,7.0
佳华领汇广场一期,0,3,0,-2,1.5,0,-3.0,1,-2.0,-2.0,1,2,2.5,-1.0,-1,2,2,-1.0,3.0
保利上城花园,0,15.0,-2,3,-3,-56.0,4.5,0,2,2,-2,-2,-2.0,4.0,3.0,4.5,-3.0,-7,8.0,0,-31.0
保利悦都花园（A835-0361),0,4.0,3.5,1,-3.0,0,4.0,-3.0,6.5
保利悦都花园（A835-0362）,0,4.0,3.5,1,-3.0,0,4.0,-3.0,6.5
信义御城豪园,0,-6.0,-1,-2.5,0,-1,10.0,1,2.5,14.0,2,5,2,5.0,3.5,4,-2.5,-3,-2,1,-3.0,1.0,30.0
信义荔山御园,0,4.5,1,-1.5,-2,-5.0,1,0,-1,-1,-1.5,1,2,-2.0,-1.0,1,1,-5.0,-1,3.5,4.5,-1.5
全盛御景湾花园,0,-9.0,1,1,4,-1,-1,10.5,1.0,6.5,13.0
全盛紫悦龙庭,0,-5.0,-10.5,6.5,3.0,-7.0,-1,1,1.5,-15.0,3.5,7,1,1,0.0,5.0,0,2.5,6.5,3.0,6.0,3,12.0
公园上苑,0,6.5,3,3,1.0,-1.75,-1.0,-2.0,-1.0,-9.0,-15.75,-6.5,14.5,2,9.5,1,0.0,-38.75,3.0,5.5,5.75,-21.0
公园里花园三期,0,3.0,-2,4,3.0,3,3.0,-4.0,1,0.5,6.0,0.0,6.0,11.0,-7.0,5,0,4.0,6.0,3.0,-2,43.5
公园里花园二期,0,-7.0,4,5,1.0,1,0,5.0,5.0,9.0,1,4.0,8.0,0,2.5,6.5,3,1,1,3,-2.5,50.5
公园里花园四期,0,2318.0,26.25,-1,-0.5,2,-5.0,2.0,-5.0,-3.0,0.5,-1,-16.25,-3.0,1.5,-1.0,10.0,10.0,45.0,-3,0,2376.5
公馆一八六六花园(北区),0,0
公馆一八六六花园(南区),0,0
六和商业广场一期,0,11.0,1,4.5,0,2,0,1,8.25,-2,8.0,-2.0,2,8.0,4,3,3.0,-1,3,15.0,6.0,2,3,2.5,1.0,-3.5,7.0,86.75
兰江山第花园一期,0,0
前海丹华园,0,-9.75,-1,1,-1,-0.5,-11.0,-2.5,-5.0,2,-0.5,1.5,6.0,2,-1,3.0,9.0,-7.75
前海康城华府,0,-5.0,1,0,-1,1.0,0,2,5.0,-3.0,11.0,4,-3.0,7,7.0,4,-20.5,4.0,1,6,0.0,20.5
力高君御花园,0,0,-2,0,1,-5.0,0,3,-3,-0.5,-1,1,0,1,-1.5,2.5,1.0,1.5,-4.0,8.0,0.0,2.0
勤诚达和园,0,-10.0,-2.5,10.0,3.5,6.0,7.0
勤诚达悦园,0,-2,-1,20.625,-1.5,-4.0,0,1,-5,-3,-6.5,-2,1,-12.0,6,0,-1,-2,-3.0,-1,0.0,-15.375
十二橡树庄园（二期）,0,0
千林山居,0,9.5,-1,1,1,10.5
半山海花园,0,17.0,15.5,1,5,3.5,3.0,4.0,0,0.0,4,-39.5,-5.0,10.0,5.0,-5.0,0,3,-16.0,-2.5,9.5,3.0,5.0,3.0,9.0,7.0,31.0,8.0,2.0,4,4,5.0,93.5
华业玫瑰四季馨园一期,0,0,-1,-1,5,2.0,-1,3.0,-1,8.0,0,-0.5,13.5
华润城润府二期(一区),0,-1,0,-6.0,-3.0,2.0,3.0,9.0,0,14.0,-0.5,2,0.5,8.5,3,2.0,-0.5,0,2,3,2,40.0
华润城润府（一期）,0,2.0,1.0,3,2.0,-4,1,7.0,-1,-7,-7,-3.0,-1,-1,2,2.0,-6.0,1.0,3,5,-4.5,-7.0,-12.5
华润城润府（三、四期）,0,2.0,0,0,-1,2,-3.0,0,-9.5,7.0,3.0,9.0,-2,0,15.0,1,2,2.0,-6.0,1.0,-1,21.5
华润城润府（二期）,0,-1.5,-4.0,5,-4.5,-7.0,2.0,-4,1,7.0,-1,-7,-7,-3.0,-1,-1,2,2.0,-6.0,1.0,3,-3.0,-27.0
华盛峰荟名庭（一期）,0,-2.0,-15.0,0,3,22.0,5.0,-6.5,-19.5,-3.5,1.0,18.5,-5.5,-5.5,10.0,-2,-1.0,3,-0.5,2.25,2.0,5.75
华盛新沙荟名庭（二期）,0,-2.0,-15.0,0,3,22.0,5.0,-6.5,-19.5,-3.5,1.0,18.5,-5.5,-5.5,10.0,-2,-1.0,3,-0.5,2.25,2.0,5.75
华盛盛荟名庭,0,-2.0,-15.0,0,3,22.0,5.0,-6.5,-19.5,-3.5,1.0,18.5,-5.5,-5.5,10.0,-2,-1.0,3,-0.5,2.25,2.0,5.75
华联城市全景花园,0,-128.5,2,2,2.5,2,2,6.5,8.0,15.0,7.0,6.5,-7.5,0.0,6.0,3,-1,15.0,-59.5
卓弘高尔夫雅苑,0,-1.5,-1,0,-4.0,2.0,1,5,3.5,5.5,8.0,1,2,3.0,13.0,5,3.0,6.0,6.0,-4.0,-2.5,51.0
卓越皇后道名苑,0,3.0,-6.5,5,-1,2.5,-1.0,-0.5,1.0,1.0,7.0,-0.5,1,4.0,2,2,3.0,3.0,1,8.0,5.0,39.0
博林天瑞花园（一期）,0,-1.0,4.0,5.0,13.0,-0.5,4.5,3,6.0,-44.0,-11.0,8.0,0,3.25,1.0,-11.5,4.0,3.0,-33.0,3.0,8.0,1,-6.0,6.0,-34.25
博林天瑞花园（二期）,0,0,5.0,5.0,-5,0,6.0,-2.0,1,-14.5,6.25,1,0,-1,1,-6.0,6.0,-5.0,10.0,-1,1,-1,0,1,0,2,-2,0,-3,1,-1,-1,10.5,-8,-3.0,3.25
合正荣悦府,0,-2.0,-3.0,-2.5,1,-6.5
吉祥龙花园,0,0
同创九著院,0,0
同创新作居,0,2,0,5.0,0,2.5,-21.5,-1,-4,2.5,0,-9.0,1.0,6.5,7.5,-1,5.0,2,8.0,-2,-5.0,-1.5
同和凤凰花苑,0,-18.0,3.0,2.0,12.0,7,-1,4.0,-36.0,-17.0,29.0,-7.0,-1.0,-4.0,0.0,-5.5,7.0,8.5,4.0,1.0,3.5,-8.5
名门华府,0,1.0,3.0,0,-1.0,1,3.0,1.0,2.5,1.0,2.5,-1.0,3.0,1.0,1.0,18.0
后海理想雅园,0,0
君临天下名苑,0,0
和平里花园,0,0,4.0,1,1,1,-2,3.5,1,-3.0,1,0,0,0,0,0,0,0,-5.0,1,3.5
和平里花园II期,0,0,4.0,1,1,1,-2,3.5,1,-3.0,1,0,0,0,0,0,0,0,-5.0,1,3.5
和成世纪名园,0,0
嘉信蓝海华府,0,3.0,6.0,3.5,4.0,3,3.0,6.0,0.0,9.5,7.0,4.0,0,8.0,1,3,4,-1.0,6.0,-6,-3.0,61.0
嘉宏湾花园二期,0,1.0,-3.0,4,20.25,5.0,-44.0,-16.5,0,3.0,6.0,-3.0,11,11,4,-7.0,-2,0,0,1,-4.0,-13.25
嘉御豪园,0,0
嘉悦山花园,0,-3.0,1,-2,5,4.0,5.0,5.5,0,15.5
嘉洲富苑,0,-2.5,-1.0,-3.0,12.5,6.0
四季御园,0,-1,-1,-5.0,15.25,-8.0,14.0,3,1.0,-2.5,0.0,8.0,-1,2,3,4.0,5.0,4.0,-8.0,13.5,9.0,55.25
国香尚居,0,0
国香山翡翠华庭,0,10.0,5.0,17.5,-6.0,1,-1,0,-1,1.0,6.0,0,1,-29.0,6.5,14.75,-4.5,7.0,2,-1,-1.5,27.75
国香山花园,0,-1,-2.25,5.0,0.5,7.0,9.0,-1,5.0,6.5,3.0,-1.5,2,11.0,11.0,1.0,-74.0,11.0,6.0,8.5,-0.25,6.5
地铁前海时代广场,0,0,-6.0,1,1,-2.0,-4.25,-1,-7.5,-4.0,-24.0,3.5,2.5,3,3.5,7.0,1.0,7,7.0,3.0,8.0,-1.25
塑和公园华府,0,0.0,3.0,-3,-15.0,-1,0,5.5,10.0,-0.5
塘朗城广场（东区）,0,1,0,-9.0,1,-2.0,6.5,0.0,-5.25,1,2,-3.0,4.5,-2.0,-2.0,-16.5,2.5,11.0,1.0,1,5.0,-3.25
壹成中心花园（A824-0117）,0,-10.0,-5.0,0,4.0,-3.0,2,-3.0,-1.5,13.0,2.5,-1,0,-3,1.5,-10.0,7.5,-7.0,0,1.0,-11.0,-2.0,-1,-3.5,8,-2,-3.0,-1.5,-28.0
壹方商业中心,0,-5.5,2,-7.0,-1.5,5,1,-7,0,-4.0,-3.0,-3.0,1,2,2,2,4.0,-9.5,0,-1.0,1,2,0,-5.0,3,-1.0,-22.5
大康福盈门大厦,0,-10.0,2,0,0,1,-1,-9.0,1,3.0,6.5,1,0,2,5.5,-1,-2.5,-0.5,1.5,5.5,9.0,1.5,1,4,3,5.0,1,3,3,5,40.5
大族河山花园,0,17.0,8.25,9.5,8.0,2,-3.0,0,0,0,6.0,5.0,-9.0,2,0.5,-25.5,3.0,1,5.0,3.0,-9.5,-3.0,5.5,3.5,4.0,-9.5,6.0,1,30.75
天峦湖花园,0,0,-1,-8.0,0,1,5,3.0,0,3.5,2.0,-61.0,2.5,13.0,6.5,-37.5,-9.0,15.0,9.0,15.0,11.5,1,-28.5
天御豪庭,0,0,0
天御香山花园,0,4.0,4.0
天悦湾花园,0,1.0,4.0,3.0,0,3.0,-3.0,1,0,12.0,6.0,2,4.0,2.5,-2.0,1,15,3.0,1.0,0,0,53.5
天福华府（B区）,0,-1,0,1,-9.0,-3.0,0,2.0,7.0,-1,-2,-10.0,0,-7.0,0,0,1,2,4,0,-3.0,4.0,0,3,3,7.0,12.5,5.0,1,16.5
太阳雨家园,0,-13.0,0,-8.0,0,-21.0,4.0,-2.5,0,-3,0,0,-6,-8,-6.0,0,-6,2,0,4.0,11.0,22.0,-30.5
奥宸观壹城华府（A928-0468）,0,-3.0,-4.0,8.0,8.0,-2.5,37.0,1.0,0,8.0,12.0,-15.0,2.5,6.0,-2.0,5.0,4.0,12.0,-1.0,2,3.0,-6.0,3,6.0,6.5,1,91.5
安鸿峰景苑,0,1,-17.0,-111.5,6.0,21.0,18.0,4,11.5,-1.25,3.5,0,2,1,-1.25,5.5,10.5,5.25,12.5,-3.5,3,-29.75
宏发上域花园,0,-16.5,4,2.5,0,3,2.5,-4.5
宏发世纪花园（A712-0638）,0,1,0,-6.0,0,3,-4,3,3,8,0,-4.0,0,1.0,1,-2,-2.0,-1,-1,-2.0,2,1,1.0
宏发君域花园,0,1,-1.5,4.5,0.5,4.5
宏发嘉域花园一期,0,1,1,-6.0,1,2.0,-1,3,-1,-1,0.75,-1.0,11.0,2.0,-14.0,-2.0,-8.5,4,1,-5.5,-9.5,1.0,2,-9.0,-11.0,-39.75
宏发嘉域花园二期,0,3.0,0,-6.5,-2.0,-5,0,0,1,-8.0,-8.0,-4.0,1,2.0,4,0,2,13.0,-1,-2,3.5,2,-5.0
宜城风景花园,0,7.5,26.5,17.0,6.5,0.5,-4.0,9.0,11.0,1.0,-4.0,0,4.5,0,-2.5,11.0,-4.0,-0.5,3.0,-2.0,-1,79.5
宝安山庄（一期）,0,0
宝翠苑,0,0.0,8.5,-2.0,1.0,2.0,-2.0,12.5,7,5,-1,15.0,17.5,1,6.5,5.0,2,1,1,1,3.0,84.0
宝能华府,0,0
宝能城市公馆（一、二期）,0,2.5,-6.0,-8.0,0,-1.0,3.0,3.5,2,8.0,-4.0,-1.0,5.0,-5,-4.5,-8.5,0,-4.5,-3,2.0,8.0,2,1,3.0,1,8.0,0,3.5
宝能城花园,0,1,0.5,1,0,-5.0,0.0,0,1,-8.5,4.0,3,-1,9.5,-5.0,7.0,1,6.0,1.0,1.5,0,-2,15.0
尖岗山名苑一期,0,1,9.5,3,2.0,0.0,1,2.0,0.0,0.0,1,1,2.0,4,5.0,4.0,1,0,7.0,4.0,0,47.5
尖岗山名苑三期,0,1.0,38.0,15.0,0.0,0,3.0,-8.0,-5.0,6.0,3.5,7.0,0,-25.5,4,2,-2.0,7.0,4.0,3.0,-5.5,47.5
尖岗山名苑二期B区,0,2,3.0,6.0,3,-4.0,4.0,4.0,1,4.0,2,4.5,2,0,2,-3.0,8.0,0,6.0,8.0,2,54.5
尖岗山名苑（二期）A区,0,-3.0,3.0,3,6,-17.625,1,1,3.0,-5.75,-3,1.0,-11.0,1,6.0,7.0,4.0,-9.0,5.0,-2.0,2,-8.375
尚峰花园,0,0
尚御商住楼,0,0,1.5,-2.5,0,-1,0,-2.0
尚水天成花园,0,1,-3.5,-1.0,6.0,0,-3.0,0,-3.0,0,1,0.0,-1,5.0,0,4.0,5,1,-3,0,-4.0,4.5
山海四季花园,0,-10.5,-11.0,-0.5,-8.0,-6.0,-1,1,17.0,-7.5,9.0,-8.0,-3.5,0,11.0,-12.0,-17.5,-1.0,0.5,8.5,1,1,-37.5
山海美域花园,0,-1.0,2.0,0,-3.0,-18.5,0,3.0,1,7.5,3.0,3,2.5,1,0,-1,0,5.0,3,0,11.0,-3.5,-0.5,8.0,-3.0,19.5
山语清晖花园（一期）,0,-30.0,-15.5,3.0,-0.5,-1,-30.0,4.0,5.0,7.0,-5.0,3.0,-2,0,2.5,-2,-1,-6.0,2.5,3,-18.5,3,1.0,-77.5
岭宏健康家园,0,0,1,1,1,-8.0,0,5,3.0,-1,2,-3.0,0.0,0,0,8.5,15.0,-11.0,-6.5,-7.5,6,-1,4.5
岸上林居,0,-1,-1.5,5.5,-9.5,-14.5,3,5.0,0.5,5,-1.0,2.0,-2,15.5,-1,0,-9.0,10.5,-1,-3.0,-1.0,2.5
峰荟花园（一期）,0,0
峰荟花园（二期）,0,0
平吉上苑一期,0,0,5.5,3.0,0,-1.0,-3.0,5.0,1.5,9.0,1.5,3,5,12.25,1,0,-6.0,2,-5.0,2,1,1,37.75
平安里家园,0,0,0,5.0,-1.5,-1,1,-3,-3,-2,-2,-5.0,1,1.0,-2,3.5,-6.0,2,-12.0
幸福城润园,0,-3.0,0.0,-6.5,0,-2.5,-3.0,-4.5,1,-9.0,4,6.5,3,0,7.5,2.0,3.5,2.5,2.5,4.0,2,-8.0,7.0,4.5,4.5,18.0
幸福城润园（三期）,0,4.5,4.5,6.0,6.5,6.5,1,-3.0,3,1.0,1,-2.0,5.5,6.0,-9.0,9.0,0.5,-2.0,1,2.5,1,4.0,47.5
幸福城润园（二期）,0,6.5,1,-3.0,6.0,6.5,-2.5,1,2,-3.0,2.0,4.0,1.0,5.0,5.0,4.0,-2.0,1,2.5,1,4.0,6.5,1,6.5,-2.5,1,2,56.5
幸福海岸,0,0
幸福港湾尚品居,0,1,-3.0,0,0.5,4.0,0,2.5,2,8.0,-3.0,-2.0,16.5,2,0.0,4,7.0,9.0,4.0,2,2,56.5
幸福港湾御品居,0,-2.5,6.0,7.5,3.5,1,-1.0,6.0,1,4,7.5,-7.5,0,4.0,-2.5,9.5,13.0,16.5,5.0,13.5,3.5,88.0
广业成学府道花园,0,0,0,3.0,3.0
康达尔山海上园（一期）A区,5.0,-1,-2,8.0,2.0,1.0,1,1,-2,5.0,1.5,1,3.5,1.0,2,-6.0,9.0,-3.0,-2,9.0,-1,33.0
康达尔山海上园（一期）B区,0,-10.5,-2.0,-3,-4.5,1,5.0,5.5,3,4.0,-3,-2,9.0,5.0,5.5,6,2,5.5,7.0,1.5,35.0
廊桥花园,0,0
御峰园,0,0
御景台雅园,0,1.0,-12.5,3,3.0,-1.0,2,12.0,-3.0,6.0,2,-6.0,1,-9.0,5.0,1,2.0,-22.5,2,3.0,5.0,-6.0
御景水岸花园（一、二期）,0,3.0,1,-9.5,-9,27.0,0,4,9.0,9.0,8.0,-3.0,18.0,2,0,7.0,-6.25,4.0,-1,1.5,4.0,68.75
御景水岸花园（三期）,0,3.0,1,-9.5,-9,27.0,0,0,4,9.0,9.0,8.0,-3.0,18.0,2,0,7.0,-6.25,4.0,-1,1.5,4.0,68.75
御景翠峰小区,0,-1.5,-1,-3,5.0,-17.0,7.0,1,1,1.0,3.0,5.5,2.5,-2.0,5.0,6.0,3,8.0,5.0,1,18.0,3,7.0,57.5
御湖峰家园,0,0,-1.5,8.0,4,-3,2,2,10.0,10.75,1.0,4,8.0,11.0,13.0,-9.0,14.0,8.5,3.5,8.0,2.5,96.75
德润荣君府,0,1,0,-3.0,2.0,-0.5,-8.0,5.5,4,6.0,-215.5,10.0,10.5,3.0,6.5,11.0,-37.5,3.5,8.0,8.0,3,8.0,3.0,4.0,-8.5,4,7.0,7.0,-158.0
怀德峰景南园,0,0.0,4.0,1.0,0,-3.5,-11.0,-4.0,2,-2,-8.5,-1.0,2,1,3.5,-16.5
怀德广场,0,0
恒裕滨城花园（一期）,0,2,6.0,0,2.0,6.0,4.0,2.5,2.0,-4.0,-1.0,2,4.0,0,-1,24.5
恒裕滨城花园（二期）,0,2,6.0,0,2.0,6.0,4.0,2.5,2.0,-4.0,-1.0,2,4.0,0,-1,24.5
悠山美地家园,0,-3.0,3.5,3,10,0,-1.0,3.0,-5.5,-6.5,5.0,0.0,1,0,0,1,1,3,0,-1,3.5,4,5,4.0,4,3,-27.0,10.0
悦城花园,0,0
悦澜山花园,0,1,1,4.0,0,1,0,10.0,-8.0,10.0,-3.5,15.5
懿花园,0,11.5,0,6.0,1.0,1,19.5
承翰陶源花园,0,7.0,7.0,0.5,-5.5,8.0,12.0,18.0,9.0,-3.0,-13.0,-1.0,-20.0,8.0,2,-1.5,-21.5,1.0,7.0,3.5,-4.5,-2.0,31.5,4.0,0.0,7.5,-5.5,2.0,-3.0,4.5,52.0
招商果岭花园,0,0
招商花园,0,-1,-4.0,0.0,-1,2,3,-0.5,7.0,1.0,3,6,2,3.0,0.0,5.0,3.0,0.0,5.0,5.0,6,44.5
振业城,0,0
振业峦山谷花园二期,0,-1.0,-1.0,1,-1,0,-3,3,2.5,-2,0,-2,-2,-19.0,3,0,-1,1,2,-2.0,0,-21.5
文峰华庭,0,2,0.5,7.5,7.0,9.0,4.0,1,5.25,-0.5,7.0,1,4.0,2.5,2.5,5.25,5.5,-9.0,4,0.5,59.0
新地中央花园,0,2,0,-1,6.5,-2.0,1,6.5,9.5,-1,0,5,16.5,-14.0,0,-7.5,-3.0,0,7.0,2,2,29.5
旭源怡景轩,0,-2,28.75,8.0,4,-2.5,-3.0,6.0,6.5,5,3.0,4.5,-0.5,4,4.0,-1.5,6.5,25.0,2.0,5,-3.0,99.75
旭源瑞景轩,0,-2,28.75,8.0,4,-2.5,-3.0,6.0,6.5,5,3.0,4.5,-0.5,4,4.0,-1.5,6.5,25.0,2.0,5,-3.0,99.75
星河传奇花园一期,0,-1,-10.0,-1,8.0,2.0,5,2,-1,1,3.0,4.5,5.0,-7.25,0,-1,0,-13.0,3,5.0,-1,5.0,8.25
星河时代花园,0,0,3.0,3.0
星河盛世花园(二期),0,0
星河盛世花园（一期）,0,0
星河银湖谷花园,0,0
星航华府一期,0,-10.0,-2.0,4.5,9.5,14.5,11.5,15.0,3,3.0,1,-1,-3.0,-11.5,12.5,-8.5,1.5,-2.5,-1.5,-3.5,5.25,4.0,5,3,0,10.5,-6.0,6.0,60.25
星航华府三期,0,0,-3,-2,-1,18.0,0.0,2,0,0,-5.0,3,1,0.0,4.0,-1,3,-1,-1.5,0,15.0,2,0.0,6.0,3.5,43.0
星航华府二期,0,0.0,2,-3,7.0,3.75,-4.0,3,5,7.0,2.0,-1.0,7.5,4,1,2,0,17.0,5.0,2,3.5,63.75
星都豪庭,0,-1,8.0,-5.0,8.0,-19.25,-6.0,4,2,1,3.0,-15.0,-9.25,1,5.0,4,3,21.0,6.0,42.0,9.5,62.0
曦湾天馥名苑,0,11.0,1,3,-26.5,0,14.5,15.25,8.0,12.0,0,3,6.0,3.0,4.0,2,2.0,5.0,5.0,1,3.0,72.25
月亮湾山庄（三期）,0,0,0,-1,1,0
松河瑞园（二期）,0,-7.0,-2.0,-5.0,1.0,-1,0,-12.0,-5.0,-11.25,-1,-2.0,3,2,0,-1,-2.5,-43.75
松茂御龙湾雅苑（一期）,0,9.25,-4,1.0,3.5,4.0,0.0,-3.0,9.25,4,0.5,9.0,-0.5,7.0,4.5,6.0,5,7.0,5,3.0,0,-1.0,8.0,-1,0,76.5
松茂御龙湾雅苑（二期）,0,-2,-8.0,0,4.0,-5.0,1.0,5.5,-17.5,6.0,1,-1,-5,-6.0,0,-8.5,3,5.0,-3.0,3,0,-1,-9.0,1.0,-3.0,0,-2.5,1,7.0,0,2,-0.5,3,3.0,-26.5
栖棠映山花园,0,1,-5.0,13.5,5.0,8.0,-1,0,1.0,4.5,-8.0,3,-4.0,5.0,4.5,4.0,-10.0,1,5.5,-7.0,7.5,28.5
栖游家园,0,3.0,-12.0,7.0,-18.0,-9.0,-2.5,7.0,6.0,-13.5,2,-0.25,0,3.0,-27.25
桃源峰景园,0,5.0,1.5,0.0,-5.0,3.5,6.0,9.25,9.0,5,3,4,1,7.5,-1.0,7.0,5.0,3,2,24.5,-39.5,50.75
梧桐春晓花园,0,-18.5,-2.0,2.5,2.5,-7.0,7.0,1,-2.0,-18.5,-29.0,-31.0,-7.0,-20.0,3,3.5,5.0,2.0,-2.0,-10.0,-1.0,-121.5
梧桐翡翠花园,0,0
森泉雅轩,0,-7.0,4.0,-1,12.0,-5.5,-4.25,6.0,-7,0.0,0.5,-3,1,1,-6.5,-0.5,1.0,-1.0,1,1,-1.5,-9.75
横岗花半里雅筑,0,0
正兆景嘉园,0,-6.5,1,2,2,-2.0,2.0,0,-4.0,3,4.5,0,5.5,-3,-18.0,-4.5,-3,3,3,6.5,4.0,-4.5
水映山岸公馆,0,0
水木丹华园,0,-0.5,-6.0,0.5,5.0,11.75,0.0,-10.0,7.75,-7.0,7.0,0,6.5,1,0,-1,8.0,3.0,3.5,9.5,-47.0,-8.0
水湾壹玖柒玖广场（一期）,0,-1.5,0.0,8.5,-3.0,5.0,2.0,5,1,0,-2.0,11.0,6.5,3,8.5,10.0,2.5,1,7.0,-10.0,5.0,59.5
水畔紫云阁,0,0,0,-1,-1
水门逸欣园,0,-16.5,0,12.5,3.5,0,1,-1.5,1,-1.5,1,11.0,1.0,0.0,18.5,14.5,1,1,3,4.5,54.0
汇龙湾花园,0,8.0,3.5,0,3,-1.0,1,3,4,-0.5,1,2,6.0,6.0,4.0,-2,-1,5.0,0,4.5,5.0,51.5
河岸轩,0,4,2,-0.5,-2,-2.0,3.0,5.5,7.0,10.5,-1,2.5,-7.0,-2.0,0,5,0.5,1,10.0,11.5,8.5,56.5
泊郡雅苑,0,2.0,4.0,3,-10.5,1.5,-1.5,6.0,-10.5,-0.5,7,-1.0,9.0,-5.5,-3.0,9.0,-1.0,5.0,-1.5,3,1,15.5
流塘阳光花园,0,2,7.0,3,-13.0,2.5,-10.0,3,3.0,-2.0,2,1,-2,3.0,3.0,2.5,-6.5,2,-1.5,0,20.5,19.5
浩海明珠雅居,0,-9.0,2,1.0,-5.0,2,8.75,13.25,2.5,-13.5,7.0,-7.5,-1,-17.5,-1.0,2,-1,4,-3.0,-9.0,3,-22.0
海上世界双玺花园三期,0,0,-7.0,5.0,-3.5,14.0,2,-2,1.0,10.5,-2.0,4.0,3,13.0,14.0,2.5,-1,0,5.0,-7.0,51.5
海上世界双玺花园（一期）,0,-9.5,12.0,12.0,2.0,7.0,-6.0,10.0,6,0.5,-8.0,7.0,1,2.0,-15.0,4.5,13.5,-26.0,0,7.0,-9.5,12.0,7.0,-6.0,10.0,0.5,34.0
海上世界双玺花园（二期）,0,11.0,10.5,0.0,0,5.0,-3.0,3,-1,-2.0,1,9.0,4,3.5,-54.0,15.0,23.0,7.0,3,0,1,12.0,48.0
海境界家园一期,0,2.5,5.0,0,3,-2.0,6.0,12.5,3.0,2.0,-13.0,2,20.5,31.5,5.0,3.0,2,2.5,-6.5,3,4.0,86.0
海心汇福园,0,-4.5,9.0,-1.5,17.5,0.0,0,17.0,-10.0,-11.5,7.5,-3.5,12.0,15.0,-5.5,-2.5,5.5,2,7.0,6.0,-1,58.5
海航国兴花园,0,3.0,0,5.5,-13.0,10.5,7.0,7.75,9.0,2.0,-4.0,1,-3.0,13.0,13.0,16.5,-32.5,4.0,5,0.5,5.0,8.0,1.0,59.25
润恒尚园,0,6.0,5.0,6.0,-10.0,-15.0,3.0,2,3,7.0,14.0,-2.5,5.0,1,1,3.5,29.0
深业御园,0,0,1,0,1
深业泰然观澜玫瑰苑,0,-11.0,-0.5,-9.0,-1,-2.0,4,-4,1,7.0,-1,-13.5,-2.0,-1,1.5,4.0,-11.0,-5,-3.0,-2,-1,1.5,6.5,-41.5
深圳湾科技生态园,0,-3.0,-3.0,0,-3.0,2,-3.0,0,3.0,3.5,1,1,1,8.5,0,-2.0,6.0,1,2,-1.0,3,17.0
深房传麒山,0,-9.5,8.5,-4.0,-3.0,-1,3.0,-10.0,-5.5,-4,-7.0,5,0,5.0,4,3,-3.5,3.5,8.5,0,9.0,2.0
深房尚林花园,0,0
深物业前海港湾花园,0,7.5,6,-1,8.5,3,6.0,17.5,0,1,3,4.0,8.0,-4.0,1.0,-3.0,-3.0,8.5,3.0,-10.5,3.0,6.5,7.0,-9.0,1,-20.25,-14.0,3.0,32.75
深物业彩天怡色家园,0,0
港丰大厦,0,10.0,-1.0,-1,4,3.5,0,3.0,7.0,3.0,7.0,-1.0,-6.0,0.0,7.5,7.0,6.0,2.5,13.0,6.0,23.5,94.0
港信达银信广场,0,0
港城蓝山雅园,0,-1.0,0,0.5,-2,-11.5,7.0,-13.0,-2.0,2,-14.0,-3.0,-3.5,6,-13.0,-26.5,2,-3.0,3.5,4.0,3.0,-64.5
湾美花园,0,0.0,-3.0,4.0,0,-9.0,-6.5,2.5,6.0,5.5,4,4.5,0,4.5,3.0,-6.5,2.5,1,11.25,4.0,2,29.75
湾美花园四期,0,-4.5,8.0,0,1,-2,-1.0,3.0,0,3.0,3.0,5.0,13.5,15.0,0,2.5,0,10.0,14.0,-0.5,3,73.0
满京华喜悦里华庭,0,7.75,2.0,-4.0,0,-1,1,-1.5,1,-6.5,0.0,1,2,0.5,0.5,-26.5,6.0,-1.5,4.0,7.0,6.5,5.25,3,0,-1,0,-1,-1,0.5,4.0
滨海盛世名苑,0,0
澳城花园,0,0
熙和园,0,-1,-1,-2
熙Z城豪苑,0,-2.0,-6.5,4.5,2,-7.0,-1.5,2.0,-5.5,0.5,-1,1,-5.0,1.5,1,7.0,1,1,5,-5.0,-6.0,1.0,-6.5,-3.0,7.0,6,2,4,-2.5
燕晗山苑,0,12.0,-2.5,3,-1,-2,2.5,4.0,6.0,-5.0,-2.5,8.0,-2.0,1,15.0,-22.5,-58.0,-1,3,1,11.0,-30.0
爱地花园,0,0
爵悦公馆,0,-1,-4.0,3,1,1,0,-1.0,2.0,-1,0,1,-1.0,11.0,-18.0,-13.0,-1,-4,-3.5,2,-18.0,-4.0,-4.5,-5.0,-1,-2.5,-1,-62.5
玖龙玺花园二期北区,0,8.0,-4,16.0,-1,-8.5,-6.0,9.0,0,0.0,4.5,-1,1,-1.0,2.0,2.0,2.0,1,-3.0,2,6.0,3,6.0,38.0
玖龙玺花园二期南区,0,-10.0,0,12.5,2,0,0,0.5,0,6.5,2.0,6.5,0,3,-5.0,5.0,1,9.0,0,2,7.0,42.0
珑门名苑（A924-0173）,0,0,-6.0,-6.0,-4.5,-2,1,-15.5,-0.5,0.0,1.5,5.0,-1,0,1,0,1,3,4.0,9.5,4,-1,-6.5
瑞尚居,0,0
瑞泽佳园,0,-17.0,8.0,5.5,-11.5,5.5,2.5,6.0,2.5,4.5,1,-1.5,2.0,2,13.0,7.5,11.0,2.0,-1.0,12.5,11.0,7.0,72.5
瑞翔居,0,0
璞岸花园（一期）,0,0
璞岸花园（二期）,0,0
百合山水别苑,0,1,3.5,3.0,-26.5,-6.0,-4,-4.5,4.5,-1.5,-3.0,-2,2,1,-3,9,27.0,5.0,2,5,7.0,-24.25,-4.75
盛荟居,0,2,-33.0,1,3,4.0,5,3,14.0,0,1,4,3,9.0,-5.0,2,7.0,0,6.0,1,5,6,-5.5,2,34.5
盛迪嘉光明壹号花园（一期）,0,-4.0,2.5,5.0,8.0,10.0,3,5,2.5,25.5,13.0,-13.0,6.0,-6.5,167.0,-59.0,-7.0,-13.5,-3.0,-10.5,2,8.0,141.0
盛迪嘉光明壹号花园（二期）,0,0,-6.0,-1,3.5,9,8.5,-1,4.5,-32.5,-13.0,-11.0,4,-18.0,1,-3.0,-2.0,-3.0,-3,-63.0
碧海富通城,0,-1,5.0,-1,3.0
祥祺滨河名苑,0,2,-8.0,-1,-8.0,-3.0,2,2,2,2,-2,2,-4.0,0,-2,8.0,6.0,-10.5,-5.0,8.0,-5.0,-14.5
福东龙华府,0,2.0,-19.5,-1.0,5.0,19.0,-11.0,-1.75,-11.5,-5.0,-1.0,-6.0,-22.0,-5.0,2.0,-4.5,19.75,-40.5
福盈中央山花园北区,0,-2.5,2,-16.5,5.0,6,6.0,6.5,8.0,10.5,14.0,4.5,6.5,8.5,1,-1.5,6.5,-2.5,6.0,2,1,71.0
福盈中央山花园南区,0,-2.5,2,-16.5,5.0,6,6.0,6.5,8.0,10.5,14.0,4.5,6.5,8.5,1,-1.5,6.5,-2.5,6.0,2,1,71.0
科大雅苑,0,0
笔架山公馆,0,2,3.5,-7.0,0.0,-1,1.5,4.5,-3.0,7.0,3,1,7.0,3,0.5,9.5,6.5,7.0,3.0,3,4.5,55.5
第五园（七期）,0,5,5
紫瑞花园,0,4.0,1,13.0,4.5,12.0,10.5,7.0,-25.0,19.0,4,6.0,5.0,-2.5,1.0,-3.5,2.0,-2,-11.0,-2.0,1,44.0
纯水岸(十五期),0,0
纯水岸（十四期）,0,0
绿景香颂美庐园,0,-1,-3.0,0,-4.0,0.5,1.0,-0.5,6.0,3.5,-2.5,-2,0,3,0,3.0,-3.0,3.0,2.5,6.5,9.0,8.0,-5.0,0,25.0
美地里园,0,3.5,9.0,1.0,8.25,-7.5,5.0,147.5,51.0,8.5,-2.5,3.5,5.0,1,-6.0,9.5,8.0,7.0,8.5,1.5,3,264.75
翡翠海岸花园,0,1,0,-4.0,2,-4.0,4.0,2.5,3.5,4.0,-67.5,-20.5,8.5,5.0,3,6.0,6.0,1.5,1,7.0,0,-41.0
联投东方华府（一期）,0,0.75,-9.0,8.0,27.0,2.0,0.5,-11,-3.0,3,17.0,-3.0,0,-2.0,-22.0,-3.0,-3,2,-2,-7.0,4,6.0,0,5.25
联投东方华府（二期）,0,0.75,-9.0,8.0,27.0,2.0,0.5,-11,-3.0,3,17.0,-3.0,-2.0,-22.0,-3.0,-3,2,-2,-7.0,4,6.0,0,5.25
联美新天地华府,0,-2.5,6.5,-1,-2,-2.0,0.0,-2,0,-29.0,-3.0,1.5,-1.5,-0.5,-35.5
花半里清湖花园,0,-1,0.5,7.5,1,8.0
芷峪澜湾花园,0,6.0,3.0,-4.0,-9.0,-2.5,4.0,1.0,2.0,-9.0,9.0,3.75,3,8.0,4.0,1,3.0,-6.0,-1,3.75,1,21.0
茗语华苑,0,0,5.0,1,-7.25,-0.5,1,-10.0,-2.0,-0.5,-1.0,-14.25
荔海春城花园,0,2,4.0,-1.5,-1.0,0.0,3.0,7.0,5.0,-2,0.0,9.0,7,10.0,-3.0,2.0,10.5,3.0,0,-2,6.0,0.0,59.0
荟港尊邸1期,0,0
荟港尊邸2期,0,0
荷康花园,0,-14.0,-2,-3,0,-1,0,-1,7.0,0,-19.0,-2,0,5.0,0,0,0,0,0,1,-1,0,0,-1,0,-31.0
莱蒙春天花园(A818-0449宗地),0,11.5,5.5,17.0
莱蒙春天花园（A818-0444）,0,11.5,5.5,17.0
莱蒙春天花园（A818-0445）,0,11.5,5.5,17.0
蓝郡西堤花园,0,-17.5,6.0,4.5,6.0,5.0,-18.0,1.0,2.5,8.0,4.0,8.5,4.0,2,8.0,1.0,1.0,0.0,13.0,4.0,11.5,3,4.5,62.0
虹湾花园,0,0
融湖世纪花园,0,6.5,4.5,-6.0,2.5,-15.5,5.5,-20.0,-12.0,8.0,-1,-13.0,9.5,2.0,-1.0,0.0,5.0,3.0,6.0,4.0,6.0,8.5,-3.0,-68.5,-0.5,-69.5
西乡安居家园,0,0
西城雅筑花苑,0,0
观山大卫华庭,0,1,0,3.0,-0.5,-6.0,-6.0,-9.0,-10.0,-6.0,5.5,4.0,3,3,-4.0,2.5,0.0,13.0,13.0,3.5,3.5,13.5
赤湾海鹏阁,0,-1,6,-7.0,3,0,4.0,5.0,7.5,2.0,9.0,0,0,4.0,0,1,8.0,4,14.0,10.0,-5.0,64.5
运发御景兰庭,0,-8.0,2,3.5,3.25,1,5,-11.5,2,1,-0.5,-3.5,10.5,2.25,2,1,5.0,2.5,2.0,6,8.5,34.0
运河蓝湾家园,0,2,1.0,4.0,7.0,4,-3.0,1.5,11.5,-15.5,8.5,10.0,1.0,8.5,11.0,5.0,7.0,9.0,0,15.5,-0.5,87.5
远洋新干线荣域花园,0,2,0,1,1,-2.0,2.0,-4.0,-77.0,2.5,0,1,-1,1,4.0,13.5,22.0,5.0,1,3.0,2,-23.0
金亨利首府,0,-2,-3.0,-3.0,-1,-2,5.0,-1.0,2,1.0,5.0,-32.0,2,1,2,2.0,6.0,2.5,1,15.5,-3.0,-2.0
金众金域半山花园,0,5.0,5.5,-5,-4,-3,0,-1,0,-24.0,1,5.0,3.0,12.0,1,4.5,0,-1,3.0,1.5,4.5,8.0
金地凯旋广场,0,0
金地名峰,0,3,2,9.0,1,10.0,-4,5.0,-25.5,-31.0,4.0,-1,-3.0,-10.0,-17.5,9.0,-5.0,-2.5,6.0,4,6,-40.5
金地塞拉维花园,0,-1.0,-4,-1,1.0,6.0,8.0,-25.5,1,10.0,9.5,7.5,6.0,-1,2.0,-2,0,3,4.0,62.0,0.0,2,-3,4,4.5,93.0
金地塞拉维花园北区,0,-1.0,-4,-1,1.0,6.0,8.0,-25.5,1,10.0,9.5,7.5,6.0,-1,2.0,-2,0,3,4.0,62.0,0.0,2,-3,4,4.5,93.0
金地塞拉维花园南区,0,-1.0,-4,-1,1.0,6.0,8.0,-25.5,1,10.0,9.5,7.5,6.0,-1,2.0,-2,0,3,4.0,62.0,0.0,2,-3,4,4.5,93.0
金地朗悦花园,0,4,9.0,-11.0,6.0,22.5,-8.5,7.0,3,2,5,4.0,8.5,7.0,2.5,4.0,1,2.5,-22.0,-11.0,3.5,39.0
金城大第花园,0,0
金城大第花园（二期）,0,0
金域上郡花园,0,1.0,1,-5.0,3,1,-3.0,3,0,-4.0,3,0,11.0,0,0,0.5,3,0,6.0,5.5,0,26.0
金域中央花园一期,0,-3.0,1,0,-3.0,-2.0,-3,-14.0,4,2.0,3.0,4.5,0,6.0,5.0,1.0,-1,1,0,-1,3,1,-4,0.5
金域中央花园二期,0,-3.0,-2.0,-3,-14.0,4,2.0,3.0,4.5,0,6.0,5.0,1.0,5,0,0,1,5.0,5.0,-1,1,0,-1,18.5
金域九悦花园（中区）,0,1.0,1,-5.0,3,1,-3.0,3,0,-4.0,3,0,11.0,0,0,0.5,3,0,6.0,5.5,0,26.0
金域九悦花园（北区）,0,1.0,1,-5.0,3,1,-3.0,3,0,-4.0,3,0,11.0,0,0,0.5,3,0,6.0,5.5,0,26.0
金域九悦花园（南区）,0,1.0,1,-5.0,3,1,-3.0,3,0,-4.0,3,0,11.0,0,0,0.5,3,0,6.0,5.5,0,26.0
金域揽峰花园,0,1.0,1,-5.0,3,1,-3.0,3,0,-4.0,3,0,11.0,0,0,0.5,3,0,6.0,5.5,0,26.0
金汐府,0,0.0,-4.0,-5.5,2,-50.5,8.5,7.0,-14.0,2.0,1,-2.5,29.0,17.5,1.5,-1,2,8,4.5,0.0,2,7.5
金石雅苑,0,0
金色盛晖华庭,0,0
金阳成大厦,0,0
银江春晓家园,0,0,3,2.0,0,0,4,0,-2,-2.5,2,0,-3,5.25,-1.5,-5,-1,0,-2,0,5,-5.0,-1,3.0,0,1.25
银湖蓝山润园一期,0,-4.5,2,14.5,0,0.5,9.0,-4,-7,1,0,3,-2,2.0,6.0,4.0,5.0,2.5,8.0,3,12.0,-0.25,4.0,-20.0,6.0,44.75
银湖蓝山润园二期,0,-4.5,2,0,14.5,0,0.5,9.0,-4,-7,1,0,3,-2,2.0,6.0,4.0,5.0,2.5,8.0,3,12.0,-0.25,4.0,-20.0,6.0,44.75
锦冠华庭,0,10.0,-3.0,2.0,3.5,-2,-7.5,-5,18.0,22.5,-4.5,0.0,-20.0,-10.5,11.5,1.0,-3.5,0.5,4.5,8.0,8.5,34.0
锦绣御园（三期）,0,-5.0,2.5,5,5.0,0.5,9,5.0,5.0,7.0,2.5,5.0,1,-7.0,7.0,6.0,4,0,4.0,17.5,3,5.0,2.5,-31.0,1,9.0,-0.5,63.0
锦绣御园（二期）,0,11.0,7.0,3.5,8.5,5.5,2,14.5,-17.0,-13.5,1.5,5.5,-2.5,-6.0,-5.0,0,-1.5,-5.0,8.5
锦绣花园四期,0,4.5,5.0,12.0,0,-1,-6.5,7.0,3.5,6.5,-5.5,0,6.5,1,7.0,3.5,6.0,7.0,1.5,7.25,3,10.0,78.25
锦缘里嘉园,0,0,1,0,3,-7.0,-14.5,-6.0,1,0,0,-4.0,2.5,2.5,0,1,-5.0,-3.5,6,-1,2,-1,0,-9.0,-32.0
锦龙花园,0,0
阅山公馆,0,-3.0,3.0,-1.0,0,-1.0
阳光里雅居,0,1.0,1.0,0.5,2.5
阳基新天地家园,0,0
雍和园,0,0,3,-1,6,-3,-1,0,-2.0,0,-1,-1,-5.0,1,3.5,-5.0,-3.5,3,0,5.0,1,0,-6.0,-6.0,1,-11.0
靖轩豪苑,0,-7.0,-9.5,-6.0,-2.0,1,1,0.0,2,-10.0,5.5,0,0,1,2,0,4,-1.0,0,-2.0,4,-17.0
非凡空间阁,0,-9.0,-9.0
领丽花园,0,0
领航城领尚华府,0,0,-3.0,5.5,25.0,0,-3,12.0,-3,1.5,-6,-8,0,-3,1,-1.0,-12.0,-1,1,-3,-13.5,-10.5
领航城领秀花园,0,-2.0,1,-0.5,-0.5,-1,-3.0
领航城领翔华府A区,0,0,-3.0,5.5,25.0,0,-3,12.0,-3,1.5,-6,-8,0,-3,1,-1.0,-12.0,-1,1,-3,-13.5,-10.5
领航城领翔华府B区,0,0,-3.0,5.5,25.0,0,-3,12.0,-3,1.5,-6,-8,0,-3,1,-1.0,-12.0,-1,1,-3,-13.5,-10.5
领航里程花园(一期),0,-2,-15.5,-13.0,1,0,-2,0,-1,-3,-6.5,-2.0,-13,-11.0,-4.5,-10.5,-1,3,-2,-5.0,-1,-89.0
领航里程花园二期、三期,0,0,-3.0,5.5,25.0,0,-3,12.0,-3,1.5,-6,-8,0,-3,1,-1.0,-12.0,-1,1,-3,-13.5,-10.5
颐安都会中央花园,0,10.0,-4.0,2.5,-2.0,-14.0,-2,-12.0,-1,0,0,1,-6.0,1,0,1,1,0,-1,0,1,-7.25,0,-1,-3,1.0,-1.0,-35.75
首创八意府,0,2,8.0,-14.0,3.5,4.5,7.0,6.0,5.0,3.5,3,25.5,2.0,-1,2,13.5,1,4.5,3.0,4.0,4.5,87.5
香山美墅花园,0,-1,1,-1,1,6.0,7.0,6.5,7,4.5,5.5,0.5,2,5.0,6.5,50.5
香格丽湾园,0,-4.0,5.0,4.0,-5.5,0,-22.5,0,-6.0,-6.0,7.0,-22.5,-4.5,-5.0,-2,0.0,-0.5,0,0,0,-11.5,-74.0
香蜜苑,0,0
骏雅居,0,1,-2,-2,1,3.0,-4.0,-4.0,-1.5,3,5.0,-2,-1,0,-12.0,-3.0,-5,0,-13.5,-5.5,-5.0,-47.5
高发悦驰苑,0,-2.5,-1.5,6.0,0,-2,8,4.5,-3.0,-3.5,1.0,-2.0,3,-1.0,1,-19.5,-2.5,11.0,-8.0,1.0,-2.5,-12.5
鲸山花园九期,0,0
鸿威鸿景华庭,0,-1.0,-1,8.5,-8.0,-14.0,-8.0,6.0,1,-3.0,4.0,-1,-7,-4.0,-2.5,0,9.0,5.0,-2,-10.25,1.5,2,23.0,3.0,1.25
麓园,0,0,4.0,0,4.0,-8.5,1,10.25,34.5,6.5,-6.0,-5.0,3.0,15.0,0,4,0.5,-3.0,-1,-2,-4,53.25
鼎胜金域世家豪园,0,0,8.5,0,9.0,12.0,-11.0,-5.0,5.5,5.0,4.0,7.0,0.0,-7.0,-1,4.5,3.0,0.5,6.5,3.0,5.0,49.5
龙瑞佳园,0,3.0,1.0,0.5,1,-6.5,1,5,-2.5,8.0,3.5,5.0,7.0,8.5,14.5,-53.5,8.0,7.0,-79.0,3.0,2.0,-63.5
龙禧雅苑,0,0
